{
 "cells": [
  {
   "cell_type": "code",
   "execution_count": 1,
   "metadata": {},
   "outputs": [],
   "source": [
    "%load_ext autoreload\n",
    "%autoreload 2"
   ]
  },
  {
   "cell_type": "code",
   "execution_count": 2,
   "metadata": {},
   "outputs": [
    {
     "name": "stdout",
     "output_type": "stream",
     "text": [
      "\n",
      "  Memory set to 476.837 MiB by Python driver.\n",
      "Number of occupied orbitals:   2\n",
      "Number of basis functions:   6\n",
      "\n",
      "Size of the ERI tensor will be 0.00 GB.\n",
      "C regular:  [[ 9.9085180e-01  1.8402036e-01  2.0698757e-01 -4.4997655e-18\n",
      "  -3.6342886e-17  5.7585724e-02]\n",
      " [ 3.0868869e-02 -4.3604341e-01 -8.0449740e-01  3.2624066e-16\n",
      "   4.3652561e-16 -7.8579747e-01]\n",
      " [-8.3670380e-03 -3.5314410e-01  6.1203155e-01  2.3548625e-16\n",
      "  -3.0174348e-16 -1.0416882e+00]\n",
      " [ 4.8924238e-16  3.8680919e-17  9.2070775e-17  9.9980270e-01\n",
      "   1.9863349e-02  3.7666440e-16]\n",
      " [-4.5610509e-17 -3.9840753e-17  3.2228385e-16 -1.9863349e-02\n",
      "   9.9980270e-01  4.8220989e-16]\n",
      " [ 1.0592762e-02 -5.4085047e-01  1.2941833e-01 -4.5276024e-16\n",
      "  -2.5900375e-16  1.2909723e+00]]\n",
      "[-2.5270685e-16 -1.1670054e-16 -1.8971202e+00]\n",
      "\n",
      "Start SCF iterations:\n",
      "\n",
      "Canonical RHF One-electron energy = -12.6946346237245145\n",
      "CQED-RHF One-electron energy      = -12.7068118852694578\n",
      "Nuclear repulsion energy          = 1.1339511657214287\n",
      "Dipole energy                     = 0.0129085217324223\n",
      "SCF Iteration   1: Energy = -7.8566740258656154   dE = -7.85667E+00   dRMS = 3.20530E-04\n",
      "SCF Iteration   2: Energy = -7.8566790098824875   dE = -4.98402E-06   dRMS = 3.95666E-05\n",
      "SCF Iteration   3: Energy = -7.8566791655617472   dE = -1.55679E-07   dRMS = 1.43194E-05\n",
      "SCF Iteration   4: Energy = -7.8566791932137949   dE = -2.76520E-08   dRMS = 7.06090E-06\n",
      "SCF Iteration   5: Energy = -7.8566791997727394   dE = -6.55894E-09   dRMS = 3.47813E-06\n",
      "SCF Iteration   6: Energy = -7.8566792013496407   dE = -1.57690E-09   dRMS = 1.70754E-06\n",
      "SCF Iteration   7: Energy = -7.8566792017289853   dE = -3.79345E-10   dRMS = 8.37665E-07\n",
      "SCF Iteration   8: Energy = -7.8566792018202438   dE = -9.12586E-11   dRMS = 4.10876E-07\n",
      "SCF Iteration   9: Energy = -7.8566792018421969   dE = -2.19531E-11   dRMS = 2.01531E-07\n",
      "SCF Iteration  10: Energy = -7.8566792018474816   dE = -5.28466E-12   dRMS = 9.88489E-08\n",
      "SCF Iteration  11: Energy = -7.8566792018487508   dE = -1.26921E-12   dRMS = 4.84844E-08\n",
      "SCF Iteration  12: Energy = -7.8566792018490546   dE = -3.03757E-13   dRMS = 2.37812E-08\n",
      "SCF Iteration  13: Energy = -7.8566792018491274   dE = -7.28306E-14   dRMS = 1.16645E-08\n",
      "SCF Iteration  14: Energy = -7.8566792018491478   dE = -2.04281E-14   dRMS = 5.72132E-09\n",
      "SCF Iteration  15: Energy = -7.8566792018491478   dE =  0.00000E+00   dRMS = 2.80626E-09\n",
      "SCF Iteration  16: Energy = -7.8566792018491496   dE = -1.77636E-15   dRMS = 1.37644E-09\n",
      "SCF Iteration  17: Energy = -7.8566792018491514   dE = -1.77636E-15   dRMS = 6.75134E-10\n",
      "SCF Iteration  18: Energy = -7.8566792018491522   dE = -8.88178E-16   dRMS = 3.31147E-10\n",
      "SCF Iteration  19: Energy = -7.8566792018491531   dE = -8.88178E-16   dRMS = 1.62425E-10\n",
      "SCF Iteration  20: Energy = -7.8566792018491487   dE =  4.44089E-15   dRMS = 7.96680E-11\n",
      "Total time for SCF iterations: 0.001 seconds \n",
      "\n",
      "QED-HF   energy: -7.85667920 hartree\n",
      "Psi4  SCF energy: -7.86053866 hartree\n"
     ]
    },
    {
     "data": {
      "text/plain": [
       "{'d_exp': np.float64(0.16094638935789787),\n",
       " 'C': array([[-9.9084936e-01, -1.8375531e-01,  2.0744688e-01, -3.9083872e-17,\n",
       "          7.2473027e-17, -5.6816221e-02],\n",
       "        [-3.0814106e-02,  4.3351578e-01, -8.0906899e-01,  1.6708648e-16,\n",
       "         -4.8124386e-16,  7.8249755e-01],\n",
       "        [ 8.2549136e-03,  3.5264102e-01,  6.0633730e-01, -3.0886783e-16,\n",
       "          3.5176551e-16,  1.0451836e+00],\n",
       "        [ 3.6571262e-16,  1.6441366e-16,  4.5400801e-16,  2.5816581e-01,\n",
       "         -9.6610062e-01, -1.9192796e-16],\n",
       "        [-2.6659587e-17,  3.4282028e-16,  2.0405887e-16,  9.6610062e-01,\n",
       "          2.5816581e-01,  3.2832152e-16],\n",
       "        [-1.0740088e-02,  5.4297301e-01,  1.3480149e-01,  2.2937668e-17,\n",
       "          2.4088118e-16, -1.2895284e+00]]),\n",
       " 'C_reghf': array([[ 9.9085180e-01,  1.8402036e-01,  2.0698757e-01, -4.4997655e-18,\n",
       "         -3.6342886e-17,  5.7585724e-02],\n",
       "        [ 3.0868869e-02, -4.3604341e-01, -8.0449740e-01,  3.2624066e-16,\n",
       "          4.3652561e-16, -7.8579747e-01],\n",
       "        [-8.3670380e-03, -3.5314410e-01,  6.1203155e-01,  2.3548625e-16,\n",
       "         -3.0174348e-16, -1.0416882e+00],\n",
       "        [ 4.8924238e-16,  3.8680919e-17,  9.2070775e-17,  9.9980270e-01,\n",
       "          1.9863349e-02,  3.7666440e-16],\n",
       "        [-4.5610509e-17, -3.9840753e-17,  3.2228385e-16, -1.9863349e-02,\n",
       "          9.9980270e-01,  4.8220989e-16],\n",
       "        [ 1.0592762e-02, -5.4085047e-01,  1.2941833e-01, -4.5276024e-16,\n",
       "         -2.5900375e-16,  1.2909723e+00]]),\n",
       " 'C_qedhf_dipole_basis': array([[ 4.9220424e-02,  1.0646327e-01,  2.9285144e-17,  2.8281188e-13,\n",
       "          1.0177959e+00, -1.1020494e-01],\n",
       "        [ 2.4580921e-01, -1.0101549e+00, -1.9883924e-16, -2.7162685e-14,\n",
       "         -9.7624802e-02,  6.0449550e-01],\n",
       "        [ 1.9993446e-01, -9.2328655e-01, -1.5025459e-16, -2.6533882e-15,\n",
       "         -9.6256700e-03, -8.3183720e-01],\n",
       "        [-1.8036445e-17,  5.4480881e-17,  2.3336003e-02,  9.9972768e-01,\n",
       "         -2.7813416e-13,  2.6441378e-16],\n",
       "        [-3.2898443e-17, -3.7919708e-16, -9.9972768e-01,  2.3336003e-02,\n",
       "         -6.4801891e-15, -7.6275234e-17],\n",
       "        [-1.1932650e+00,  7.1067660e-01,  1.9806722e-16,  5.1842242e-15,\n",
       "          1.8653366e-02,  2.1610052e-01]]),\n",
       " 'd_n': np.float64(-0.06582081855198472),\n",
       " 'd_ao': array([[-0.016615 , -0.0040065,  0.007362 , -0.       , -0.       ,\n",
       "          0.0009966],\n",
       "        [-0.0040065, -0.016615 ,  0.0901649, -0.       , -0.       ,\n",
       "          0.0389579],\n",
       "        [ 0.007362 ,  0.0901649, -0.016615 , -0.       , -0.       ,\n",
       "          0.0611552],\n",
       "        [-0.       , -0.       , -0.       , -0.016615 , -0.       ,\n",
       "         -0.       ],\n",
       "        [-0.       , -0.       , -0.       , -0.       , -0.016615 ,\n",
       "         -0.       ],\n",
       "        [ 0.0009966,  0.0389579,  0.0611552, -0.       , -0.       ,\n",
       "          0.1156658]]),\n",
       " 'd_ao_two_body': array([[[[ 5.5211662e-04,  1.3313555e-04, -2.4463926e-04,\n",
       "            0.0000000e+00,  0.0000000e+00, -3.3118608e-05],\n",
       "          [ 1.3313555e-04,  5.5211662e-04, -2.9961806e-03,\n",
       "            0.0000000e+00,  0.0000000e+00, -1.2945708e-03],\n",
       "          [-2.4463926e-04, -2.9961806e-03,  5.5211662e-04,\n",
       "            0.0000000e+00,  0.0000000e+00, -2.0321888e-03],\n",
       "          [ 0.0000000e+00,  0.0000000e+00,  0.0000000e+00,\n",
       "            5.5211662e-04,  0.0000000e+00,  0.0000000e+00],\n",
       "          [ 0.0000000e+00,  0.0000000e+00,  0.0000000e+00,\n",
       "            0.0000000e+00,  5.5211662e-04,  0.0000000e+00],\n",
       "          [-3.3118608e-05, -1.2945708e-03, -2.0321888e-03,\n",
       "            0.0000000e+00,  0.0000000e+00, -3.8435760e-03]],\n",
       " \n",
       "         [[ 1.3313555e-04,  3.2103861e-05, -5.8991491e-05,\n",
       "            0.0000000e+00,  0.0000000e+00, -7.9861103e-06],\n",
       "          [ 3.2103861e-05,  1.3313555e-04, -7.2248896e-04,\n",
       "            0.0000000e+00,  0.0000000e+00, -3.1216846e-04],\n",
       "          [-5.8991491e-05, -7.2248896e-04,  1.3313555e-04,\n",
       "            0.0000000e+00,  0.0000000e+00, -4.9003520e-04],\n",
       "          [ 0.0000000e+00,  0.0000000e+00,  0.0000000e+00,\n",
       "            1.3313555e-04,  0.0000000e+00,  0.0000000e+00],\n",
       "          [ 0.0000000e+00,  0.0000000e+00,  0.0000000e+00,\n",
       "            0.0000000e+00,  1.3313555e-04,  0.0000000e+00],\n",
       "          [-7.9861103e-06, -3.1216846e-04, -4.9003520e-04,\n",
       "            0.0000000e+00,  0.0000000e+00, -9.2682704e-04]],\n",
       " \n",
       "         [[-2.4463926e-04, -5.8991491e-05,  1.0839805e-04,\n",
       "            0.0000000e+00,  0.0000000e+00,  1.4674638e-05],\n",
       "          [-5.8991491e-05, -2.4463926e-04,  1.3275880e-03,\n",
       "            0.0000000e+00,  0.0000000e+00,  5.7361582e-04],\n",
       "          [ 1.0839805e-04,  1.3275880e-03, -2.4463926e-04,\n",
       "            0.0000000e+00,  0.0000000e+00,  9.0044954e-04],\n",
       "          [ 0.0000000e+00,  0.0000000e+00,  0.0000000e+00,\n",
       "           -2.4463926e-04,  0.0000000e+00,  0.0000000e+00],\n",
       "          [ 0.0000000e+00,  0.0000000e+00,  0.0000000e+00,\n",
       "            0.0000000e+00, -2.4463926e-04,  0.0000000e+00],\n",
       "          [ 1.4674638e-05,  5.7361582e-04,  9.0044954e-04,\n",
       "            0.0000000e+00,  0.0000000e+00,  1.7030633e-03]],\n",
       " \n",
       "         [[ 0.0000000e+00,  0.0000000e+00,  0.0000000e+00,\n",
       "            0.0000000e+00,  0.0000000e+00,  0.0000000e+00],\n",
       "          [ 0.0000000e+00,  0.0000000e+00,  0.0000000e+00,\n",
       "            0.0000000e+00,  0.0000000e+00,  0.0000000e+00],\n",
       "          [ 0.0000000e+00,  0.0000000e+00,  0.0000000e+00,\n",
       "            0.0000000e+00,  0.0000000e+00,  0.0000000e+00],\n",
       "          [ 0.0000000e+00,  0.0000000e+00,  0.0000000e+00,\n",
       "            0.0000000e+00,  0.0000000e+00,  0.0000000e+00],\n",
       "          [ 0.0000000e+00,  0.0000000e+00,  0.0000000e+00,\n",
       "            0.0000000e+00,  0.0000000e+00,  0.0000000e+00],\n",
       "          [ 0.0000000e+00,  0.0000000e+00,  0.0000000e+00,\n",
       "            0.0000000e+00,  0.0000000e+00,  0.0000000e+00]],\n",
       " \n",
       "         [[ 0.0000000e+00,  0.0000000e+00,  0.0000000e+00,\n",
       "            0.0000000e+00,  0.0000000e+00,  0.0000000e+00],\n",
       "          [ 0.0000000e+00,  0.0000000e+00,  0.0000000e+00,\n",
       "            0.0000000e+00,  0.0000000e+00,  0.0000000e+00],\n",
       "          [ 0.0000000e+00,  0.0000000e+00,  0.0000000e+00,\n",
       "            0.0000000e+00,  0.0000000e+00,  0.0000000e+00],\n",
       "          [ 0.0000000e+00,  0.0000000e+00,  0.0000000e+00,\n",
       "            0.0000000e+00,  0.0000000e+00,  0.0000000e+00],\n",
       "          [ 0.0000000e+00,  0.0000000e+00,  0.0000000e+00,\n",
       "            0.0000000e+00,  0.0000000e+00,  0.0000000e+00],\n",
       "          [ 0.0000000e+00,  0.0000000e+00,  0.0000000e+00,\n",
       "            0.0000000e+00,  0.0000000e+00,  0.0000000e+00]],\n",
       " \n",
       "         [[-3.3118608e-05, -7.9861103e-06,  1.4674638e-05,\n",
       "            0.0000000e+00,  0.0000000e+00,  1.9866133e-06],\n",
       "          [-7.9861103e-06, -3.3118608e-05,  1.7972531e-04,\n",
       "            0.0000000e+00,  0.0000000e+00,  7.7654576e-05],\n",
       "          [ 1.4674638e-05,  1.7972531e-04, -3.3118608e-05,\n",
       "            0.0000000e+00,  0.0000000e+00,  1.2190045e-04],\n",
       "          [ 0.0000000e+00,  0.0000000e+00,  0.0000000e+00,\n",
       "           -3.3118608e-05,  0.0000000e+00,  0.0000000e+00],\n",
       "          [ 0.0000000e+00,  0.0000000e+00,  0.0000000e+00,\n",
       "            0.0000000e+00, -3.3118608e-05,  0.0000000e+00],\n",
       "          [ 1.9866133e-06,  7.7654576e-05,  1.2190045e-04,\n",
       "            0.0000000e+00,  0.0000000e+00,  2.3055616e-04]]],\n",
       " \n",
       " \n",
       "        [[[ 1.3313555e-04,  3.2103861e-05, -5.8991491e-05,\n",
       "            0.0000000e+00,  0.0000000e+00, -7.9861103e-06],\n",
       "          [ 3.2103861e-05,  1.3313555e-04, -7.2248896e-04,\n",
       "            0.0000000e+00,  0.0000000e+00, -3.1216846e-04],\n",
       "          [-5.8991491e-05, -7.2248896e-04,  1.3313555e-04,\n",
       "            0.0000000e+00,  0.0000000e+00, -4.9003520e-04],\n",
       "          [ 0.0000000e+00,  0.0000000e+00,  0.0000000e+00,\n",
       "            1.3313555e-04,  0.0000000e+00,  0.0000000e+00],\n",
       "          [ 0.0000000e+00,  0.0000000e+00,  0.0000000e+00,\n",
       "            0.0000000e+00,  1.3313555e-04,  0.0000000e+00],\n",
       "          [-7.9861103e-06, -3.1216846e-04, -4.9003520e-04,\n",
       "            0.0000000e+00,  0.0000000e+00, -9.2682704e-04]],\n",
       " \n",
       "         [[ 5.5211662e-04,  1.3313555e-04, -2.4463926e-04,\n",
       "            0.0000000e+00,  0.0000000e+00, -3.3118608e-05],\n",
       "          [ 1.3313555e-04,  5.5211662e-04, -2.9961806e-03,\n",
       "            0.0000000e+00,  0.0000000e+00, -1.2945708e-03],\n",
       "          [-2.4463926e-04, -2.9961806e-03,  5.5211662e-04,\n",
       "            0.0000000e+00,  0.0000000e+00, -2.0321888e-03],\n",
       "          [ 0.0000000e+00,  0.0000000e+00,  0.0000000e+00,\n",
       "            5.5211662e-04,  0.0000000e+00,  0.0000000e+00],\n",
       "          [ 0.0000000e+00,  0.0000000e+00,  0.0000000e+00,\n",
       "            0.0000000e+00,  5.5211662e-04,  0.0000000e+00],\n",
       "          [-3.3118608e-05, -1.2945708e-03, -2.0321888e-03,\n",
       "            0.0000000e+00,  0.0000000e+00, -3.8435760e-03]],\n",
       " \n",
       "         [[-2.9961806e-03, -7.2248896e-04,  1.3275880e-03,\n",
       "            0.0000000e+00,  0.0000000e+00,  1.7972531e-04],\n",
       "          [-7.2248896e-04, -2.9961806e-03,  1.6259424e-02,\n",
       "            0.0000000e+00,  0.0000000e+00,  7.0252691e-03],\n",
       "          [ 1.3275880e-03,  1.6259424e-02, -2.9961806e-03,\n",
       "            0.0000000e+00,  0.0000000e+00,  1.1028113e-02],\n",
       "          [ 0.0000000e+00,  0.0000000e+00,  0.0000000e+00,\n",
       "           -2.9961806e-03,  0.0000000e+00,  0.0000000e+00],\n",
       "          [ 0.0000000e+00,  0.0000000e+00,  0.0000000e+00,\n",
       "            0.0000000e+00, -2.9961806e-03,  0.0000000e+00],\n",
       "          [ 1.7972531e-04,  7.0252691e-03,  1.1028113e-02,\n",
       "            0.0000000e+00,  0.0000000e+00,  2.0857999e-02]],\n",
       " \n",
       "         [[ 0.0000000e+00,  0.0000000e+00,  0.0000000e+00,\n",
       "            0.0000000e+00,  0.0000000e+00,  0.0000000e+00],\n",
       "          [ 0.0000000e+00,  0.0000000e+00,  0.0000000e+00,\n",
       "            0.0000000e+00,  0.0000000e+00,  0.0000000e+00],\n",
       "          [ 0.0000000e+00,  0.0000000e+00,  0.0000000e+00,\n",
       "            0.0000000e+00,  0.0000000e+00,  0.0000000e+00],\n",
       "          [ 0.0000000e+00,  0.0000000e+00,  0.0000000e+00,\n",
       "            0.0000000e+00,  0.0000000e+00,  0.0000000e+00],\n",
       "          [ 0.0000000e+00,  0.0000000e+00,  0.0000000e+00,\n",
       "            0.0000000e+00,  0.0000000e+00,  0.0000000e+00],\n",
       "          [ 0.0000000e+00,  0.0000000e+00,  0.0000000e+00,\n",
       "            0.0000000e+00,  0.0000000e+00,  0.0000000e+00]],\n",
       " \n",
       "         [[ 0.0000000e+00,  0.0000000e+00,  0.0000000e+00,\n",
       "            0.0000000e+00,  0.0000000e+00,  0.0000000e+00],\n",
       "          [ 0.0000000e+00,  0.0000000e+00,  0.0000000e+00,\n",
       "            0.0000000e+00,  0.0000000e+00,  0.0000000e+00],\n",
       "          [ 0.0000000e+00,  0.0000000e+00,  0.0000000e+00,\n",
       "            0.0000000e+00,  0.0000000e+00,  0.0000000e+00],\n",
       "          [ 0.0000000e+00,  0.0000000e+00,  0.0000000e+00,\n",
       "            0.0000000e+00,  0.0000000e+00,  0.0000000e+00],\n",
       "          [ 0.0000000e+00,  0.0000000e+00,  0.0000000e+00,\n",
       "            0.0000000e+00,  0.0000000e+00,  0.0000000e+00],\n",
       "          [ 0.0000000e+00,  0.0000000e+00,  0.0000000e+00,\n",
       "            0.0000000e+00,  0.0000000e+00,  0.0000000e+00]],\n",
       " \n",
       "         [[-1.2945708e-03, -3.1216846e-04,  5.7361582e-04,\n",
       "            0.0000000e+00,  0.0000000e+00,  7.7654576e-05],\n",
       "          [-3.1216846e-04, -1.2945708e-03,  7.0252691e-03,\n",
       "            0.0000000e+00,  0.0000000e+00,  3.0354338e-03],\n",
       "          [ 5.7361582e-04,  7.0252691e-03, -1.2945708e-03,\n",
       "            0.0000000e+00,  0.0000000e+00,  4.7649575e-03],\n",
       "          [ 0.0000000e+00,  0.0000000e+00,  0.0000000e+00,\n",
       "           -1.2945708e-03,  0.0000000e+00,  0.0000000e+00],\n",
       "          [ 0.0000000e+00,  0.0000000e+00,  0.0000000e+00,\n",
       "            0.0000000e+00, -1.2945708e-03,  0.0000000e+00],\n",
       "          [ 7.7654576e-05,  3.0354338e-03,  4.7649575e-03,\n",
       "            0.0000000e+00,  0.0000000e+00,  9.0121922e-03]]],\n",
       " \n",
       " \n",
       "        [[[-2.4463926e-04, -5.8991491e-05,  1.0839805e-04,\n",
       "            0.0000000e+00,  0.0000000e+00,  1.4674638e-05],\n",
       "          [-5.8991491e-05, -2.4463926e-04,  1.3275880e-03,\n",
       "            0.0000000e+00,  0.0000000e+00,  5.7361582e-04],\n",
       "          [ 1.0839805e-04,  1.3275880e-03, -2.4463926e-04,\n",
       "            0.0000000e+00,  0.0000000e+00,  9.0044954e-04],\n",
       "          [ 0.0000000e+00,  0.0000000e+00,  0.0000000e+00,\n",
       "           -2.4463926e-04,  0.0000000e+00,  0.0000000e+00],\n",
       "          [ 0.0000000e+00,  0.0000000e+00,  0.0000000e+00,\n",
       "            0.0000000e+00, -2.4463926e-04,  0.0000000e+00],\n",
       "          [ 1.4674638e-05,  5.7361582e-04,  9.0044954e-04,\n",
       "            0.0000000e+00,  0.0000000e+00,  1.7030633e-03]],\n",
       " \n",
       "         [[-2.9961806e-03, -7.2248896e-04,  1.3275880e-03,\n",
       "            0.0000000e+00,  0.0000000e+00,  1.7972531e-04],\n",
       "          [-7.2248896e-04, -2.9961806e-03,  1.6259424e-02,\n",
       "            0.0000000e+00,  0.0000000e+00,  7.0252691e-03],\n",
       "          [ 1.3275880e-03,  1.6259424e-02, -2.9961806e-03,\n",
       "            0.0000000e+00,  0.0000000e+00,  1.1028113e-02],\n",
       "          [ 0.0000000e+00,  0.0000000e+00,  0.0000000e+00,\n",
       "           -2.9961806e-03,  0.0000000e+00,  0.0000000e+00],\n",
       "          [ 0.0000000e+00,  0.0000000e+00,  0.0000000e+00,\n",
       "            0.0000000e+00, -2.9961806e-03,  0.0000000e+00],\n",
       "          [ 1.7972531e-04,  7.0252691e-03,  1.1028113e-02,\n",
       "            0.0000000e+00,  0.0000000e+00,  2.0857999e-02]],\n",
       " \n",
       "         [[ 5.5211662e-04,  1.3313555e-04, -2.4463926e-04,\n",
       "            0.0000000e+00,  0.0000000e+00, -3.3118608e-05],\n",
       "          [ 1.3313555e-04,  5.5211662e-04, -2.9961806e-03,\n",
       "            0.0000000e+00,  0.0000000e+00, -1.2945708e-03],\n",
       "          [-2.4463926e-04, -2.9961806e-03,  5.5211662e-04,\n",
       "            0.0000000e+00,  0.0000000e+00, -2.0321888e-03],\n",
       "          [ 0.0000000e+00,  0.0000000e+00,  0.0000000e+00,\n",
       "            5.5211662e-04,  0.0000000e+00,  0.0000000e+00],\n",
       "          [ 0.0000000e+00,  0.0000000e+00,  0.0000000e+00,\n",
       "            0.0000000e+00,  5.5211662e-04,  0.0000000e+00],\n",
       "          [-3.3118608e-05, -1.2945708e-03, -2.0321888e-03,\n",
       "            0.0000000e+00,  0.0000000e+00, -3.8435760e-03]],\n",
       " \n",
       "         [[ 0.0000000e+00,  0.0000000e+00,  0.0000000e+00,\n",
       "            0.0000000e+00,  0.0000000e+00,  0.0000000e+00],\n",
       "          [ 0.0000000e+00,  0.0000000e+00,  0.0000000e+00,\n",
       "            0.0000000e+00,  0.0000000e+00,  0.0000000e+00],\n",
       "          [ 0.0000000e+00,  0.0000000e+00,  0.0000000e+00,\n",
       "            0.0000000e+00,  0.0000000e+00,  0.0000000e+00],\n",
       "          [ 0.0000000e+00,  0.0000000e+00,  0.0000000e+00,\n",
       "            0.0000000e+00,  0.0000000e+00,  0.0000000e+00],\n",
       "          [ 0.0000000e+00,  0.0000000e+00,  0.0000000e+00,\n",
       "            0.0000000e+00,  0.0000000e+00,  0.0000000e+00],\n",
       "          [ 0.0000000e+00,  0.0000000e+00,  0.0000000e+00,\n",
       "            0.0000000e+00,  0.0000000e+00,  0.0000000e+00]],\n",
       " \n",
       "         [[ 0.0000000e+00,  0.0000000e+00,  0.0000000e+00,\n",
       "            0.0000000e+00,  0.0000000e+00,  0.0000000e+00],\n",
       "          [ 0.0000000e+00,  0.0000000e+00,  0.0000000e+00,\n",
       "            0.0000000e+00,  0.0000000e+00,  0.0000000e+00],\n",
       "          [ 0.0000000e+00,  0.0000000e+00,  0.0000000e+00,\n",
       "            0.0000000e+00,  0.0000000e+00,  0.0000000e+00],\n",
       "          [ 0.0000000e+00,  0.0000000e+00,  0.0000000e+00,\n",
       "            0.0000000e+00,  0.0000000e+00,  0.0000000e+00],\n",
       "          [ 0.0000000e+00,  0.0000000e+00,  0.0000000e+00,\n",
       "            0.0000000e+00,  0.0000000e+00,  0.0000000e+00],\n",
       "          [ 0.0000000e+00,  0.0000000e+00,  0.0000000e+00,\n",
       "            0.0000000e+00,  0.0000000e+00,  0.0000000e+00]],\n",
       " \n",
       "         [[-2.0321888e-03, -4.9003520e-04,  9.0044954e-04,\n",
       "            0.0000000e+00,  0.0000000e+00,  1.2190045e-04],\n",
       "          [-4.9003520e-04, -2.0321888e-03,  1.1028113e-02,\n",
       "            0.0000000e+00,  0.0000000e+00,  4.7649575e-03],\n",
       "          [ 9.0044954e-04,  1.1028113e-02, -2.0321888e-03,\n",
       "            0.0000000e+00,  0.0000000e+00,  7.4799257e-03],\n",
       "          [ 0.0000000e+00,  0.0000000e+00,  0.0000000e+00,\n",
       "           -2.0321888e-03,  0.0000000e+00,  0.0000000e+00],\n",
       "          [ 0.0000000e+00,  0.0000000e+00,  0.0000000e+00,\n",
       "            0.0000000e+00, -2.0321888e-03,  0.0000000e+00],\n",
       "          [ 1.2190045e-04,  4.7649575e-03,  7.4799257e-03,\n",
       "            0.0000000e+00,  0.0000000e+00,  1.4147142e-02]]],\n",
       " \n",
       " \n",
       "        [[[ 0.0000000e+00,  0.0000000e+00,  0.0000000e+00,\n",
       "            0.0000000e+00,  0.0000000e+00,  0.0000000e+00],\n",
       "          [ 0.0000000e+00,  0.0000000e+00,  0.0000000e+00,\n",
       "            0.0000000e+00,  0.0000000e+00,  0.0000000e+00],\n",
       "          [ 0.0000000e+00,  0.0000000e+00,  0.0000000e+00,\n",
       "            0.0000000e+00,  0.0000000e+00,  0.0000000e+00],\n",
       "          [ 0.0000000e+00,  0.0000000e+00,  0.0000000e+00,\n",
       "            0.0000000e+00,  0.0000000e+00,  0.0000000e+00],\n",
       "          [ 0.0000000e+00,  0.0000000e+00,  0.0000000e+00,\n",
       "            0.0000000e+00,  0.0000000e+00,  0.0000000e+00],\n",
       "          [ 0.0000000e+00,  0.0000000e+00,  0.0000000e+00,\n",
       "            0.0000000e+00,  0.0000000e+00,  0.0000000e+00]],\n",
       " \n",
       "         [[ 0.0000000e+00,  0.0000000e+00,  0.0000000e+00,\n",
       "            0.0000000e+00,  0.0000000e+00,  0.0000000e+00],\n",
       "          [ 0.0000000e+00,  0.0000000e+00,  0.0000000e+00,\n",
       "            0.0000000e+00,  0.0000000e+00,  0.0000000e+00],\n",
       "          [ 0.0000000e+00,  0.0000000e+00,  0.0000000e+00,\n",
       "            0.0000000e+00,  0.0000000e+00,  0.0000000e+00],\n",
       "          [ 0.0000000e+00,  0.0000000e+00,  0.0000000e+00,\n",
       "            0.0000000e+00,  0.0000000e+00,  0.0000000e+00],\n",
       "          [ 0.0000000e+00,  0.0000000e+00,  0.0000000e+00,\n",
       "            0.0000000e+00,  0.0000000e+00,  0.0000000e+00],\n",
       "          [ 0.0000000e+00,  0.0000000e+00,  0.0000000e+00,\n",
       "            0.0000000e+00,  0.0000000e+00,  0.0000000e+00]],\n",
       " \n",
       "         [[ 0.0000000e+00,  0.0000000e+00,  0.0000000e+00,\n",
       "            0.0000000e+00,  0.0000000e+00,  0.0000000e+00],\n",
       "          [ 0.0000000e+00,  0.0000000e+00,  0.0000000e+00,\n",
       "            0.0000000e+00,  0.0000000e+00,  0.0000000e+00],\n",
       "          [ 0.0000000e+00,  0.0000000e+00,  0.0000000e+00,\n",
       "            0.0000000e+00,  0.0000000e+00,  0.0000000e+00],\n",
       "          [ 0.0000000e+00,  0.0000000e+00,  0.0000000e+00,\n",
       "            0.0000000e+00,  0.0000000e+00,  0.0000000e+00],\n",
       "          [ 0.0000000e+00,  0.0000000e+00,  0.0000000e+00,\n",
       "            0.0000000e+00,  0.0000000e+00,  0.0000000e+00],\n",
       "          [ 0.0000000e+00,  0.0000000e+00,  0.0000000e+00,\n",
       "            0.0000000e+00,  0.0000000e+00,  0.0000000e+00]],\n",
       " \n",
       "         [[ 5.5211662e-04,  1.3313555e-04, -2.4463926e-04,\n",
       "            0.0000000e+00,  0.0000000e+00, -3.3118608e-05],\n",
       "          [ 1.3313555e-04,  5.5211662e-04, -2.9961806e-03,\n",
       "            0.0000000e+00,  0.0000000e+00, -1.2945708e-03],\n",
       "          [-2.4463926e-04, -2.9961806e-03,  5.5211662e-04,\n",
       "            0.0000000e+00,  0.0000000e+00, -2.0321888e-03],\n",
       "          [ 0.0000000e+00,  0.0000000e+00,  0.0000000e+00,\n",
       "            5.5211662e-04,  0.0000000e+00,  0.0000000e+00],\n",
       "          [ 0.0000000e+00,  0.0000000e+00,  0.0000000e+00,\n",
       "            0.0000000e+00,  5.5211662e-04,  0.0000000e+00],\n",
       "          [-3.3118608e-05, -1.2945708e-03, -2.0321888e-03,\n",
       "            0.0000000e+00,  0.0000000e+00, -3.8435760e-03]],\n",
       " \n",
       "         [[ 0.0000000e+00,  0.0000000e+00,  0.0000000e+00,\n",
       "            0.0000000e+00,  0.0000000e+00,  0.0000000e+00],\n",
       "          [ 0.0000000e+00,  0.0000000e+00,  0.0000000e+00,\n",
       "            0.0000000e+00,  0.0000000e+00,  0.0000000e+00],\n",
       "          [ 0.0000000e+00,  0.0000000e+00,  0.0000000e+00,\n",
       "            0.0000000e+00,  0.0000000e+00,  0.0000000e+00],\n",
       "          [ 0.0000000e+00,  0.0000000e+00,  0.0000000e+00,\n",
       "            0.0000000e+00,  0.0000000e+00,  0.0000000e+00],\n",
       "          [ 0.0000000e+00,  0.0000000e+00,  0.0000000e+00,\n",
       "            0.0000000e+00,  0.0000000e+00,  0.0000000e+00],\n",
       "          [ 0.0000000e+00,  0.0000000e+00,  0.0000000e+00,\n",
       "            0.0000000e+00,  0.0000000e+00,  0.0000000e+00]],\n",
       " \n",
       "         [[ 0.0000000e+00,  0.0000000e+00,  0.0000000e+00,\n",
       "            0.0000000e+00,  0.0000000e+00,  0.0000000e+00],\n",
       "          [ 0.0000000e+00,  0.0000000e+00,  0.0000000e+00,\n",
       "            0.0000000e+00,  0.0000000e+00,  0.0000000e+00],\n",
       "          [ 0.0000000e+00,  0.0000000e+00,  0.0000000e+00,\n",
       "            0.0000000e+00,  0.0000000e+00,  0.0000000e+00],\n",
       "          [ 0.0000000e+00,  0.0000000e+00,  0.0000000e+00,\n",
       "            0.0000000e+00,  0.0000000e+00,  0.0000000e+00],\n",
       "          [ 0.0000000e+00,  0.0000000e+00,  0.0000000e+00,\n",
       "            0.0000000e+00,  0.0000000e+00,  0.0000000e+00],\n",
       "          [ 0.0000000e+00,  0.0000000e+00,  0.0000000e+00,\n",
       "            0.0000000e+00,  0.0000000e+00,  0.0000000e+00]]],\n",
       " \n",
       " \n",
       "        [[[ 0.0000000e+00,  0.0000000e+00,  0.0000000e+00,\n",
       "            0.0000000e+00,  0.0000000e+00,  0.0000000e+00],\n",
       "          [ 0.0000000e+00,  0.0000000e+00,  0.0000000e+00,\n",
       "            0.0000000e+00,  0.0000000e+00,  0.0000000e+00],\n",
       "          [ 0.0000000e+00,  0.0000000e+00,  0.0000000e+00,\n",
       "            0.0000000e+00,  0.0000000e+00,  0.0000000e+00],\n",
       "          [ 0.0000000e+00,  0.0000000e+00,  0.0000000e+00,\n",
       "            0.0000000e+00,  0.0000000e+00,  0.0000000e+00],\n",
       "          [ 0.0000000e+00,  0.0000000e+00,  0.0000000e+00,\n",
       "            0.0000000e+00,  0.0000000e+00,  0.0000000e+00],\n",
       "          [ 0.0000000e+00,  0.0000000e+00,  0.0000000e+00,\n",
       "            0.0000000e+00,  0.0000000e+00,  0.0000000e+00]],\n",
       " \n",
       "         [[ 0.0000000e+00,  0.0000000e+00,  0.0000000e+00,\n",
       "            0.0000000e+00,  0.0000000e+00,  0.0000000e+00],\n",
       "          [ 0.0000000e+00,  0.0000000e+00,  0.0000000e+00,\n",
       "            0.0000000e+00,  0.0000000e+00,  0.0000000e+00],\n",
       "          [ 0.0000000e+00,  0.0000000e+00,  0.0000000e+00,\n",
       "            0.0000000e+00,  0.0000000e+00,  0.0000000e+00],\n",
       "          [ 0.0000000e+00,  0.0000000e+00,  0.0000000e+00,\n",
       "            0.0000000e+00,  0.0000000e+00,  0.0000000e+00],\n",
       "          [ 0.0000000e+00,  0.0000000e+00,  0.0000000e+00,\n",
       "            0.0000000e+00,  0.0000000e+00,  0.0000000e+00],\n",
       "          [ 0.0000000e+00,  0.0000000e+00,  0.0000000e+00,\n",
       "            0.0000000e+00,  0.0000000e+00,  0.0000000e+00]],\n",
       " \n",
       "         [[ 0.0000000e+00,  0.0000000e+00,  0.0000000e+00,\n",
       "            0.0000000e+00,  0.0000000e+00,  0.0000000e+00],\n",
       "          [ 0.0000000e+00,  0.0000000e+00,  0.0000000e+00,\n",
       "            0.0000000e+00,  0.0000000e+00,  0.0000000e+00],\n",
       "          [ 0.0000000e+00,  0.0000000e+00,  0.0000000e+00,\n",
       "            0.0000000e+00,  0.0000000e+00,  0.0000000e+00],\n",
       "          [ 0.0000000e+00,  0.0000000e+00,  0.0000000e+00,\n",
       "            0.0000000e+00,  0.0000000e+00,  0.0000000e+00],\n",
       "          [ 0.0000000e+00,  0.0000000e+00,  0.0000000e+00,\n",
       "            0.0000000e+00,  0.0000000e+00,  0.0000000e+00],\n",
       "          [ 0.0000000e+00,  0.0000000e+00,  0.0000000e+00,\n",
       "            0.0000000e+00,  0.0000000e+00,  0.0000000e+00]],\n",
       " \n",
       "         [[ 0.0000000e+00,  0.0000000e+00,  0.0000000e+00,\n",
       "            0.0000000e+00,  0.0000000e+00,  0.0000000e+00],\n",
       "          [ 0.0000000e+00,  0.0000000e+00,  0.0000000e+00,\n",
       "            0.0000000e+00,  0.0000000e+00,  0.0000000e+00],\n",
       "          [ 0.0000000e+00,  0.0000000e+00,  0.0000000e+00,\n",
       "            0.0000000e+00,  0.0000000e+00,  0.0000000e+00],\n",
       "          [ 0.0000000e+00,  0.0000000e+00,  0.0000000e+00,\n",
       "            0.0000000e+00,  0.0000000e+00,  0.0000000e+00],\n",
       "          [ 0.0000000e+00,  0.0000000e+00,  0.0000000e+00,\n",
       "            0.0000000e+00,  0.0000000e+00,  0.0000000e+00],\n",
       "          [ 0.0000000e+00,  0.0000000e+00,  0.0000000e+00,\n",
       "            0.0000000e+00,  0.0000000e+00,  0.0000000e+00]],\n",
       " \n",
       "         [[ 5.5211662e-04,  1.3313555e-04, -2.4463926e-04,\n",
       "            0.0000000e+00,  0.0000000e+00, -3.3118608e-05],\n",
       "          [ 1.3313555e-04,  5.5211662e-04, -2.9961806e-03,\n",
       "            0.0000000e+00,  0.0000000e+00, -1.2945708e-03],\n",
       "          [-2.4463926e-04, -2.9961806e-03,  5.5211662e-04,\n",
       "            0.0000000e+00,  0.0000000e+00, -2.0321888e-03],\n",
       "          [ 0.0000000e+00,  0.0000000e+00,  0.0000000e+00,\n",
       "            5.5211662e-04,  0.0000000e+00,  0.0000000e+00],\n",
       "          [ 0.0000000e+00,  0.0000000e+00,  0.0000000e+00,\n",
       "            0.0000000e+00,  5.5211662e-04,  0.0000000e+00],\n",
       "          [-3.3118608e-05, -1.2945708e-03, -2.0321888e-03,\n",
       "            0.0000000e+00,  0.0000000e+00, -3.8435760e-03]],\n",
       " \n",
       "         [[ 0.0000000e+00,  0.0000000e+00,  0.0000000e+00,\n",
       "            0.0000000e+00,  0.0000000e+00,  0.0000000e+00],\n",
       "          [ 0.0000000e+00,  0.0000000e+00,  0.0000000e+00,\n",
       "            0.0000000e+00,  0.0000000e+00,  0.0000000e+00],\n",
       "          [ 0.0000000e+00,  0.0000000e+00,  0.0000000e+00,\n",
       "            0.0000000e+00,  0.0000000e+00,  0.0000000e+00],\n",
       "          [ 0.0000000e+00,  0.0000000e+00,  0.0000000e+00,\n",
       "            0.0000000e+00,  0.0000000e+00,  0.0000000e+00],\n",
       "          [ 0.0000000e+00,  0.0000000e+00,  0.0000000e+00,\n",
       "            0.0000000e+00,  0.0000000e+00,  0.0000000e+00],\n",
       "          [ 0.0000000e+00,  0.0000000e+00,  0.0000000e+00,\n",
       "            0.0000000e+00,  0.0000000e+00,  0.0000000e+00]]],\n",
       " \n",
       " \n",
       "        [[[-3.3118608e-05, -7.9861103e-06,  1.4674638e-05,\n",
       "            0.0000000e+00,  0.0000000e+00,  1.9866133e-06],\n",
       "          [-7.9861103e-06, -3.3118608e-05,  1.7972531e-04,\n",
       "            0.0000000e+00,  0.0000000e+00,  7.7654576e-05],\n",
       "          [ 1.4674638e-05,  1.7972531e-04, -3.3118608e-05,\n",
       "            0.0000000e+00,  0.0000000e+00,  1.2190045e-04],\n",
       "          [ 0.0000000e+00,  0.0000000e+00,  0.0000000e+00,\n",
       "           -3.3118608e-05,  0.0000000e+00,  0.0000000e+00],\n",
       "          [ 0.0000000e+00,  0.0000000e+00,  0.0000000e+00,\n",
       "            0.0000000e+00, -3.3118608e-05,  0.0000000e+00],\n",
       "          [ 1.9866133e-06,  7.7654576e-05,  1.2190045e-04,\n",
       "            0.0000000e+00,  0.0000000e+00,  2.3055616e-04]],\n",
       " \n",
       "         [[-1.2945708e-03, -3.1216846e-04,  5.7361582e-04,\n",
       "            0.0000000e+00,  0.0000000e+00,  7.7654576e-05],\n",
       "          [-3.1216846e-04, -1.2945708e-03,  7.0252691e-03,\n",
       "            0.0000000e+00,  0.0000000e+00,  3.0354338e-03],\n",
       "          [ 5.7361582e-04,  7.0252691e-03, -1.2945708e-03,\n",
       "            0.0000000e+00,  0.0000000e+00,  4.7649575e-03],\n",
       "          [ 0.0000000e+00,  0.0000000e+00,  0.0000000e+00,\n",
       "           -1.2945708e-03,  0.0000000e+00,  0.0000000e+00],\n",
       "          [ 0.0000000e+00,  0.0000000e+00,  0.0000000e+00,\n",
       "            0.0000000e+00, -1.2945708e-03,  0.0000000e+00],\n",
       "          [ 7.7654576e-05,  3.0354338e-03,  4.7649575e-03,\n",
       "            0.0000000e+00,  0.0000000e+00,  9.0121922e-03]],\n",
       " \n",
       "         [[-2.0321888e-03, -4.9003520e-04,  9.0044954e-04,\n",
       "            0.0000000e+00,  0.0000000e+00,  1.2190045e-04],\n",
       "          [-4.9003520e-04, -2.0321888e-03,  1.1028113e-02,\n",
       "            0.0000000e+00,  0.0000000e+00,  4.7649575e-03],\n",
       "          [ 9.0044954e-04,  1.1028113e-02, -2.0321888e-03,\n",
       "            0.0000000e+00,  0.0000000e+00,  7.4799257e-03],\n",
       "          [ 0.0000000e+00,  0.0000000e+00,  0.0000000e+00,\n",
       "           -2.0321888e-03,  0.0000000e+00,  0.0000000e+00],\n",
       "          [ 0.0000000e+00,  0.0000000e+00,  0.0000000e+00,\n",
       "            0.0000000e+00, -2.0321888e-03,  0.0000000e+00],\n",
       "          [ 1.2190045e-04,  4.7649575e-03,  7.4799257e-03,\n",
       "            0.0000000e+00,  0.0000000e+00,  1.4147142e-02]],\n",
       " \n",
       "         [[ 0.0000000e+00,  0.0000000e+00,  0.0000000e+00,\n",
       "            0.0000000e+00,  0.0000000e+00,  0.0000000e+00],\n",
       "          [ 0.0000000e+00,  0.0000000e+00,  0.0000000e+00,\n",
       "            0.0000000e+00,  0.0000000e+00,  0.0000000e+00],\n",
       "          [ 0.0000000e+00,  0.0000000e+00,  0.0000000e+00,\n",
       "            0.0000000e+00,  0.0000000e+00,  0.0000000e+00],\n",
       "          [ 0.0000000e+00,  0.0000000e+00,  0.0000000e+00,\n",
       "            0.0000000e+00,  0.0000000e+00,  0.0000000e+00],\n",
       "          [ 0.0000000e+00,  0.0000000e+00,  0.0000000e+00,\n",
       "            0.0000000e+00,  0.0000000e+00,  0.0000000e+00],\n",
       "          [ 0.0000000e+00,  0.0000000e+00,  0.0000000e+00,\n",
       "            0.0000000e+00,  0.0000000e+00,  0.0000000e+00]],\n",
       " \n",
       "         [[ 0.0000000e+00,  0.0000000e+00,  0.0000000e+00,\n",
       "            0.0000000e+00,  0.0000000e+00,  0.0000000e+00],\n",
       "          [ 0.0000000e+00,  0.0000000e+00,  0.0000000e+00,\n",
       "            0.0000000e+00,  0.0000000e+00,  0.0000000e+00],\n",
       "          [ 0.0000000e+00,  0.0000000e+00,  0.0000000e+00,\n",
       "            0.0000000e+00,  0.0000000e+00,  0.0000000e+00],\n",
       "          [ 0.0000000e+00,  0.0000000e+00,  0.0000000e+00,\n",
       "            0.0000000e+00,  0.0000000e+00,  0.0000000e+00],\n",
       "          [ 0.0000000e+00,  0.0000000e+00,  0.0000000e+00,\n",
       "            0.0000000e+00,  0.0000000e+00,  0.0000000e+00],\n",
       "          [ 0.0000000e+00,  0.0000000e+00,  0.0000000e+00,\n",
       "            0.0000000e+00,  0.0000000e+00,  0.0000000e+00]],\n",
       " \n",
       "         [[-3.8435760e-03, -9.2682704e-04,  1.7030633e-03,\n",
       "            0.0000000e+00,  0.0000000e+00,  2.3055616e-04],\n",
       "          [-9.2682704e-04, -3.8435760e-03,  2.0857999e-02,\n",
       "            0.0000000e+00,  0.0000000e+00,  9.0121922e-03],\n",
       "          [ 1.7030633e-03,  2.0857999e-02, -3.8435760e-03,\n",
       "            0.0000000e+00,  0.0000000e+00,  1.4147142e-02],\n",
       "          [ 0.0000000e+00,  0.0000000e+00,  0.0000000e+00,\n",
       "           -3.8435760e-03,  0.0000000e+00,  0.0000000e+00],\n",
       "          [ 0.0000000e+00,  0.0000000e+00,  0.0000000e+00,\n",
       "            0.0000000e+00, -3.8435760e-03,  0.0000000e+00],\n",
       "          [ 2.3055616e-04,  9.0121922e-03,  1.4147142e-02,\n",
       "            0.0000000e+00,  0.0000000e+00,  2.6757167e-02]]]],\n",
       "       shape=(6, 6, 6, 6)),\n",
       " 'q_ao': array([[-0.0006211, -0.0003521,  0.0002446,  0.       ,  0.       ,\n",
       "         -0.0001383],\n",
       "        [-0.0003521, -0.0099989,  0.0029962,  0.       ,  0.       ,\n",
       "         -0.005207 ],\n",
       "        [ 0.0002446,  0.0029962, -0.0179013, -0.       , -0.       ,\n",
       "         -0.0077522],\n",
       "        [ 0.       ,  0.       , -0.       , -0.0061511, -0.       ,\n",
       "         -0.       ],\n",
       "        [ 0.       ,  0.       , -0.       , -0.       , -0.0061511,\n",
       "         -0.       ],\n",
       "        [-0.0001383, -0.005207 , -0.0077522, -0.       , -0.       ,\n",
       "         -0.0150024]]),\n",
       " 'ndocc': 2,\n",
       " 'I': array([[[[ 1.6803952e+00,  2.6542036e-01, -1.0917021e-18,\n",
       "            0.0000000e+00,  0.0000000e+00,  1.0986970e-01],\n",
       "          [ 2.6542036e-01,  3.9772686e-01,  4.5309646e-19,\n",
       "            0.0000000e+00,  0.0000000e+00,  1.8450296e-01],\n",
       "          [-1.0917021e-18,  4.5309646e-19,  3.9663964e-01,\n",
       "            0.0000000e+00,  0.0000000e+00,  2.0914838e-01],\n",
